1.043689
0.901508
0.769993
0.650115
0.542281
0.446461
0.362299
0.289206
0.226433
0.173135
0.128411
0.091353
0.061063
0.036682
0.017402
0.002471
-0.008793
-0.017007
-0.022719
-0.026413
-0.028511
-0.029376
-0.029321
-0.028608
-0.027458
-0.026056
-0.024550
-0.023063
-0.021692
-0.020513
-0.019581
-0.018938
-0.018611
-0.018611
-0.018938
-0.019581
-0.020513
-0.021692
-0.023063
-0.024550
-0.026056
-0.027458
-0.028608
-0.029321
-0.029376
-0.028511
-0.026413
-0.022719
-0.017007
-0.008793
0.002471
0.017401
0.036682
0.061063
0.091353
0.128411
0.173134
0.226433
0.289206
0.362298
0.446460
0.542281
0.650115
0.769993
0.901508
1.035419
0.903715
0.779991
0.665674
0.561575
0.468019
0.384956
0.312057
0.248796
0.194509
0.148450
0.109833
0.077860
0.051748
0.030747
0.014152
0.001310
-0.008373
-0.015435
-0.020351
-0.023543
-0.025376
-0.026169
-0.026190
-0.025670
-0.024800
-0.023738
-0.022616
-0.021536
-0.020580
-0.019813
-0.019277
-0.019001
-0.019001
-0.019277
-0.019813
-0.020580
-0.021536
-0.022616
-0.023738
-0.024800
-0.025670
-0.026190
-0.026169
-0.025376
-0.023543
-0.020351
-0.015435
-0.008373
0.001310
0.014152
0.030747
0.051748
0.077860
0.109833
0.148450
0.194509
0.248796
0.312057
0.384955
0.468019
0.561575
0.665674
0.779990
0.903715
1.017178
0.897220
0.782477
0.674822
0.575461
0.485070
0.403905
0.331903
0.268762
0.214010
0.167060
0.127256
0.093906
0.066314
0.043796
0.025696
0.011400
0.000341
-0.008002
-0.014093
-0.018348
-0.021132
-0.022765
-0.023521
-0.023635
-0.023305
-0.022698
-0.021950
-0.021171
-0.020450
-0.019853
-0.019429
-0.019209
-0.019209
-0.019429
-0.019853
-0.020450
-0.021171
-0.021950
-0.022698
-0.023305
-0.023635
-0.023521
-0.022765
-0.021132
-0.018348
-0.014093
-0.008002
0.000341
0.011400
0.025696
0.043796
0.066314
0.093906
0.127256
0.167060
0.214010
0.268762
0.331903
0.403905
0.485070
0.575461
0.674822
0.782477
0.897220
0.989140
0.882083
0.777427
0.677471
0.583805
0.497450
0.418965
0.348553
0.286140
0.231449
0.184060
0.143453
0.109049
0.080243
0.056423
0.036993
0.021381
0.009051
-0.000492
-0.007699
-0.012976
-0.016685
-0.019142
-0.020625
-0.021372
-0.021586
-0.021439
-0.021073
-0.020603
-0.020123
-0.019703
-0.019395
-0.019232
-0.019232
-0.019395
-0.019703
-0.020123
-0.020603
-0.021073
-0.021439
-0.021586
-0.021372
-0.020625
-0.019142
-0.016685
-0.012976
-0.007699
-0.000492
0.009051
0.021381
0.036993
0.056423
0.080243
0.109049
0.143453
0.184060
0.231449
0.286140
0.348553
0.418965
0.497450
0.583805
0.677471
0.777427
0.882083
0.951576
0.858452
0.764891
0.673595
0.586527
0.505039
0.429990
0.361845
0.300762
0.246660
0.199288
0.158268
0.123141
0.093398
0.068507
0.047934
0.031156
0.017675
0.007023
-0.001231
-0.007480
-0.012076
-0.015334
-0.017530
-0.018903
-0.019659
-0.019974
-0.019993
-0.019836
-0.019601
-0.019362
-0.019173
-0.019070
-0.019070
-0.019173
-0.019362
-0.019601
-0.019836
-0.019993
-0.019974
-0.019659
-0.018903
-0.017530
-0.015334
-0.012076
-0.007480
-0.001231
0.007023
0.017675
0.031156
0.047934
0.068507
0.093398
0.123141
0.158268
0.199288
0.246660
0.300762
0.361845
0.429990
0.505039
0.586527
0.673595
0.764891
0.858452
0.904849
0.826553
0.744988
0.663233
0.583600
0.507764
0.436874
0.371654
0.312487
0.259496
0.212597
0.171559
0.136047
0.105654
0.079931
0.058413
0.040631
0.026128
0.014470
0.005249
-0.001911
-0.007351
-0.011379
-0.014266
-0.016252
-0.017543
-0.018316
-0.018720
-0.018879
-0.018891
-0.018835
-0.018767
-0.018724
-0.018724
-0.018767
-0.018835
-0.018891
-0.018879
-0.018720
-0.018316
-0.017543
-0.016252
-0.014266
-0.011379
-0.007351
-0.001911
0.005249
0.014470
0.026128
0.040631
0.058413
0.079931
0.105654
0.136047
0.171559
0.212597
0.259496
0.312487
0.371653
0.436874
0.507764
0.583600
0.663233
0.744988
0.826553
0.849406
0.786694
0.717910
0.646483
0.575053
0.505599
0.439551
0.377882
0.321204
0.269832
0.223858
0.183199
0.147643
0.116892
0.090586
0.068329
0.049714
0.034330
0.021778
0.011678
0.003676
-0.002556
-0.007314
-0.010865
-0.013445
-0.015257
-0.016482
-0.017267
-0.017739
-0.018000
-0.018127
-0.018180
-0.018198
-0.018198
-0.018180
-0.018127
-0.018000
-0.017739
-0.017267
-0.016482
-0.015257
-0.013445
-0.010865
-0.007314
-0.002556
0.003676
0.011678
0.021778
0.034330
0.049714
0.068329
0.090586
0.116892
0.147643
0.183198
0.223858
0.269832
0.321204
0.377882
0.439551
0.505599
0.575053
0.646483
0.717910
0.786694
0.785784
0.739259
0.683919
0.623507
0.560967
0.498565
0.437994
0.380472
0.326827
0.277570
0.232963
0.193073
0.157818
0.127005
0.100368
0.077588
0.058319
0.042201
0.028876
0.017995
0.009228
0.002264
-0.003179
-0.007360
-0.010508
-0.012825
-0.014489
-0.015648
-0.016429
-0.016934
-0.017244
-0.017419
-0.017496
-0.017496
-0.017419
-0.017244
-0.016934
-0.016429
-0.015648
-0.014489
-0.012825
-0.010508
-0.007360
-0.003179
0.002264
0.009228
0.017995
0.028876
0.042201
0.058319
0.077588
0.100368
0.127005
0.157817
0.193073
0.232963
0.277570
0.326827
0.380472
0.437994
0.498565
0.560967
0.623507
0.683919
0.739259
0.714594
0.684704
0.643341
0.594526
0.541480
0.486730
0.432220
0.379398
0.329302
0.282634
0.239825
0.201089
0.166472
0.135894
0.109183
0.086099
0.066362
0.049665
0.035696
0.024138
0.014690
0.007062
0.000987
-0.003783
-0.007470
-0.010270
-0.012356
-0.013878
-0.014960
-0.015706
-0.016196
-0.016489
-0.016626
-0.016626
-0.016489
-0.016196
-0.015706
-0.014960
-0.013878
-0.012356
-0.010270
-0.007470
-0.003783
0.000987
0.007062
0.014690
0.024138
0.035696
0.049665
0.066362
0.086099
0.109183
0.135894
0.166472
0.201089
0.239825
0.282634
0.329302
0.379398
0.432220
0.486730
0.541479
0.594526
0.643341
0.684704
0.636523
0.623555
0.596567
0.559820
0.516777
0.470207
0.422283
0.374669
0.328606
0.284977
0.244377
0.207167
0.173523
0.143475
0.116947
0.093781
0.073766
0.056652
0.042172
0.030050
0.020011
0.011793
0.005143
-0.000170
-0.004360
-0.007615
-0.010105
-0.011974
-0.013348
-0.014326
-0.014991
-0.015401
-0.015596
-0.015596
-0.015401
-0.014991
-0.014326
-0.013348
-0.011974
-0.010105
-0.007615
-0.004360
-0.000170
0.005143
0.011793
0.020011
0.030050
0.042172
0.056652
0.073765
0.093781
0.116947
0.143475
0.173523
0.207167
0.244377
0.284977
0.328606
0.374669
0.422282
0.470207
0.516777
0.559820
0.596567
0.623555
0.552321
0.556401
0.544049
0.519723
0.487098
0.449155
0.408279
0.366333
0.324745
0.284575
0.246576
0.211251
0.178903
0.149674
0.123585
0.100560
0.080459
0.063092
0.048242
0.035671
0.025140
0.016409
0.009250
0.003444
-0.001208
-0.004887
-0.007756
-0.009956
-0.011607
-0.012809
-0.013642
-0.014164
-0.014415
-0.014415
-0.014164
-0.013642
-0.012809
-0.011607
-0.009956
-0.007756
-0.004887
-0.001208
0.003444
0.009250
0.016409
0.025140
0.035671
0.048242
0.063092
0.080459
0.100560
0.123585
0.149674
0.178903
0.211251
0.246576
0.284575
0.324745
0.366333
0.408279
0.449155
0.487097
0.519723
0.544049
0.556401
0.462800
0.483889
0.486290
0.474620
0.452727
0.423778
0.390343
0.354468
0.317757
0.281433
0.246400
0.213300
0.182560
0.154432
0.129032
0.106371
0.086378
0.068926
0.053847
0.040949
0.030026
0.020868
0.013267
0.007026
0.001956
-0.002112
-0.005332
-0.007841
-0.009754
-0.011168
-0.012161
-0.012791
-0.013096
-0.013096
-0.012791
-0.012161
-0.011168
-0.009754
-0.007841
-0.005332
-0.002112
0.001956
0.007026
0.013267
0.020868
0.030026
0.040949
0.053847
0.068926
0.086378
0.106371
0.129032
0.154432
0.182560
0.213300
0.246400
0.281433
0.317757
0.354468
0.390343
0.423778
0.452727
0.474620
0.486290
0.483889
0.368822
0.406716
0.423849
0.424946
0.413997
0.394320
0.368648
0.339190
0.307709
0.275580
0.243851
0.213295
0.184459
0.157702
0.133237
0.111157
0.091464
0.074095
0.058934
0.045833
0.034624
0.025126
0.017157
0.010539
0.005101
0.000683
-0.002858
-0.005651
-0.007807
-0.009419
-0.010563
-0.011295
-0.011651
-0.011651
-0.011295
-0.010563
-0.009419
-0.007807
-0.005651
-0.002858
0.000683
0.005101
0.010539
0.017157
0.025126
0.034624
0.045833
0.058934
0.074095
0.091464
0.111157
0.133237
0.157702
0.184459
0.213295
0.243851
0.275580
0.307709
0.339190
0.368648
0.394320
0.413997
0.424946
0.423849
0.406716
0.271292
0.325627
0.357325
0.371180
0.371279
0.361065
0.343402
0.320645
0.294697
0.267073
0.238953
0.211236
0.184581
0.159454
0.136159
0.114872
0.095670
0.078551
0.063453
0.050275
0.038887
0.029142
0.020882
0.013951
0.008197
0.003472
-0.000355
-0.003406
-0.005785
-0.007580
-0.008864
-0.009690
-0.010093
-0.010093
-0.009690
-0.008864
-0.007580
-0.005785
-0.003406
-0.000355
0.003472
0.008197
0.013951
0.020882
0.029142
0.038887
0.050275
0.063453
0.078551
0.095670
0.114872
0.136159
0.159454
0.184581
0.211236
0.238953
0.267073
0.294697
0.320645
0.343402
0.361065
0.371279
0.371180
0.357325
0.325627
0.171149
0.241401
0.287360
0.313840
0.324986
0.324332
0.314850
0.299012
0.278847
0.255994
0.231755
0.207142
0.182926
0.159670
0.137769
0.117482
0.098955
0.082250
0.067361
0.054234
0.042777
0.032877
0.024406
0.017229
0.011213
0.006228
0.002151
-0.001128
-0.003707
-0.005668
-0.007079
-0.007991
-0.008439
-0.008439
-0.007991
-0.007079
-0.005668
-0.003707
-0.001128
0.002151
0.006228
0.011213
0.017229
0.024406
0.032877
0.042777
0.054234
0.067361
0.082250
0.098955
0.117482
0.137769
0.159670
0.182926
0.207142
0.231755
0.255994
0.278847
0.299012
0.314850
0.324332
0.324986
0.313840
0.287360
0.241402
0.069358
0.154851
0.214628
0.253476
0.275563
0.284475
0.283265
0.274500
0.260312
0.242450
0.222324
0.201054
0.179509
0.158348
0.138053
0.118959
0.101286
0.085157
0.070621
0.057669
0.046254
0.036295
0.027694
0.020341
0.014122
0.008923
0.004636
0.001160
-0.001594
-0.003701
-0.005226
-0.006216
-0.006703
-0.006703
-0.006216
-0.005226
-0.003701
-0.001594
0.001160
0.004636
0.008923
0.014122
0.020341
0.027694
0.036295
0.046254
0.057669
0.070621
0.085157
0.101286
0.118959
0.138053
0.158348
0.179509
0.201054
0.222324
0.242450
0.260312
0.274500
0.283265
0.284475
0.275563
0.253476
0.214628
0.154851
-0.033101
0.066810
0.139829
0.190672
0.223487
0.241879
0.248952
0.247344
0.239270
0.226571
0.210753
0.193029
0.174363
0.155501
0.137007
0.119292
0.102643
0.087244
0.073200
0.060550
0.049286
0.039364
0.030716
0.023257
0.016895
0.011532
0.007076
0.003437
0.000535
-0.001699
-0.003323
-0.004381
-0.004902
-0.004902
-0.004381
-0.003323
-0.001699
0.000535
0.003437
0.007076
0.011532
0.016895
0.023257
0.030716
0.039364
0.049286
0.060550
0.073200
0.087244
0.102643
0.119292
0.137007
0.155501
0.174363
0.193029
0.210753
0.226571
0.239270
0.247344
0.248952
0.241879
0.223487
0.190672
0.139829
0.066810
-0.135241
-0.021875
0.063683
0.126032
0.169258
0.196954
0.212242
0.217806
0.215923
0.208510
0.197151
0.183146
0.167539
0.151157
0.134641
0.118475
0.103010
0.088491
0.075074
0.062847
0.051843
0.042054
0.033442
0.025949
0.019505
0.014031
0.009448
0.005681
0.002659
0.000320
-0.001388
-0.002503
-0.003054
-0.003054
-0.002503
-0.001388
0.000320
0.002659
0.005681
0.009448
0.014031
0.019505
0.025949
0.033442
0.042054
0.051843
0.062847
0.075074
0.088491
0.103010
0.118475
0.134641
0.151157
0.167539
0.183146
0.197151
0.208510
0.215923
0.217806
0.212242
0.196954
0.169258
0.126032
0.063683
-0.021875
-0.236078
-0.110350
-0.013076
0.060177
0.113399
0.150131
0.173488
0.186170
0.190497
0.188440
0.181651
0.171498
0.159100
0.145357
0.130979
0.116517
0.102386
0.088886
0.076226
0.064539
0.053901
0.044339
0.035846
0.028392
0.021927
0.016394
0.011730
0.007870
0.004757
0.002336
0.000561
-0.000602
-0.001177
-0.001177
-0.000602
0.000561
0.002336
0.004757
0.007870
0.011730
0.016394
0.021927
0.028392
0.035846
0.044339
0.053901
0.064539
0.076226
0.088886
0.102386
0.116517
0.130979
0.145357
0.159100
0.171498
0.181651
0.188440
0.190497
0.186170
0.173488
0.150132
0.113399
0.060177
-0.013076
-0.110349
-0.334642
-0.197761
-0.089709
-0.006257
0.056447
0.101863
0.133063
0.152741
0.163237
0.166556
0.164402
0.158199
0.149130
0.138157
0.126056
0.113438
0.100775
0.088424
0.076643
0.065610
0.055440
0.046197
0.037905
0.030560
0.024138
0.018599
0.013898
0.009984
0.006809
0.004329
0.002504
0.001305
0.000711
0.000711
0.001305
0.002504
0.004329
0.006809
0.009984
0.013898
0.018599
0.024138
0.030560
0.037905
0.046197
0.055440
0.065610
0.076643
0.088424
0.100775
0.113438
0.126056
0.138157
0.149130
0.158199
0.164402
0.166556
0.163237
0.152741
0.133063
0.101863
0.056447
-0.006257
-0.089709
-0.197761
-0.429984
-0.283268
-0.165478
-0.072630
-0.001047
0.052614
0.091356
0.117842
0.134404
0.143068
0.145569
0.143377
0.137723
0.129627
0.119918
0.109266
0.098194
0.087111
0.076322
0.066049
0.056445
0.047610
0.039599
0.032435
0.026117
0.020626
0.015932
0.012001
0.008796
0.006280
0.004423
0.003200
0.002593
0.002593
0.003200
0.004423
0.006280
0.008796
0.012001
0.015932
0.020626
0.026117
0.032435
0.039599
0.047610
0.056445
0.066049
0.076322
0.087111
0.098194
0.109266
0.119918
0.129627
0.137723
0.143377
0.145569
0.143068
0.134404
0.117842
0.091356
0.052614
-0.001047
-0.072630
-0.165478
-0.283268
-0.521184
-0.366047
-0.239654
-0.138304
-0.058532
0.002858
0.048770
0.081807
0.104277
0.118203
0.125334
0.127173
0.124990
0.119848
0.112626
0.104041
0.094668
0.084959
0.075266
0.065851
0.056906
0.048564
0.040911
0.033997
0.027844
0.022453
0.017813
0.013903
0.010698
0.008171
0.006300
0.005064
0.004450
0.004450
0.005064
0.006300
0.008171
0.010698
0.013903
0.017813
0.022453
0.027844
0.033997
0.040911
0.048564
0.056906
0.065851
0.075266
0.084959
0.094668
0.104041
0.112626
0.119848
0.124990
0.127173
0.125334
0.118203
0.104277
0.081807
0.048770
0.002858
-0.058532
-0.138304
-0.239654
-0.366047
-0.607365
-0.445301
-0.311522
-0.202647
-0.115453
-0.046925
0.005714
0.044985
0.073146
0.092198
0.103893
0.109745
0.111053
0.108915
0.104249
0.097815
0.090229
0.081989
0.073485
0.065020
0.056819
0.049051
0.041829
0.035231
0.029303
0.024065
0.019523
0.015671
0.012497
0.009984
0.008116
0.006879
0.006263
0.006263
0.006879
0.008116
0.009984
0.012497
0.015671
0.019523
0.024065
0.029303
0.035231
0.041829
0.049051
0.056819
0.065020
0.073485
0.081989
0.090229
0.097815
0.104249
0.108915
0.111053
0.109745
0.103893
0.092198
0.073146
0.044985
0.005714
-0.046925
-0.115453
-0.202646
-0.311521
-0.445301
-0.687697
-0.520266
-0.380389
-0.265037
-0.171262
-0.096256
-0.037397
0.007729
0.041310
0.065306
0.081451
0.091260
0.096047
0.096933
0.094868
0.090646
0.084922
0.078230
0.070997
0.063562
0.056186
0.049065
0.042345
0.036127
0.030479
0.025444
0.021044
0.017288
0.014175
0.011700
0.009853
0.008628
0.008017
0.008017
0.008628
0.009853
0.011700
0.014175
0.017288
0.021044
0.025444
0.030479
0.036127
0.042345
0.049065
0.056186
0.063562
0.070997
0.078230
0.084922
0.090646
0.094868
0.096933
0.096047
0.091260
0.081451
0.065306
0.041310
0.007729
-0.037397
-0.096256
-0.171262
-0.265037
-0.380389
-0.520266
-0.761406
-0.590221
-0.445593
-0.324875
-0.225422
-0.144661
-0.080148
-0.029601
0.009077
0.037785
0.058224
0.071896
0.080115
0.084017
0.084574
0.082605
0.078797
0.073717
0.067825
0.061492
0.055011
0.048607
0.042452
0.036674
0.031362
0.026579
0.022363
0.018739
0.015717
0.013303
0.011496
0.010294
0.009693
0.009693
0.010294
0.011496
0.013303
0.015717
0.018739
0.022363
0.026579
0.031362
0.036674
0.042452
0.048607
0.055011
0.061492
0.067825
0.073717
0.078797
0.082605
0.084574
0.084017
0.080115
0.071896
0.058224
0.037785
0.009077
-0.029601
-0.080148
-0.144661
-0.225422
-0.324875
-0.445593
-0.590221
-0.827782
-0.654492
-0.506506
-0.381585
-0.277411
-0.191672
-0.122127
-0.066646
-0.023244
0.009900
0.034437
0.051840
0.063412
0.070293
0.073465
0.073768
0.071913
0.068494
0.064000
0.058830
0.053306
0.047681
0.042151
0.036868
0.031944
0.027457
0.023467
0.020009
0.017108
0.014779
0.013028
0.011860
0.011276
0.011276
0.011860
0.013028
0.014779
0.017108
0.020009
0.023466
0.027457
0.031944
0.036868
0.042151
0.047681
0.053306
0.058830
0.064000
0.068494
0.071913
0.073768
0.073465
0.070293
0.063413
0.051840
0.034437
0.009900
-0.023244
-0.066646
-0.122127
-0.191672
-0.277410
-0.381585
-0.506506
-0.654491
-0.886186
-0.712459
-0.562541
-0.434619
-0.326728
-0.236838
-0.162930
-0.103049
-0.055341
-0.018080
0.010318
0.031284
0.046099
0.055891
0.061648
0.064220
0.064336
0.062611
0.059558
0.055601
0.051088
0.046295
0.041444
0.036708
0.032217
0.028072
0.024344
0.021086
0.018334
0.016112
0.014435
0.013313
0.012751
0.012751
0.013313
0.014435
0.016112
0.018334
0.021086
0.024344
0.028072
0.032217
0.036708
0.041444
0.046295
0.051088
0.055601
0.059558
0.062611
0.064336
0.064220
0.061648
0.055891
0.046099
0.031284
0.010318
-0.018080
-0.055341
-0.103049
-0.162930
-0.236837
-0.326728
-0.434619
-0.562541
-0.712459
-0.936056
-0.763565
-0.613158
-0.483468
-0.372898
-0.279722
-0.202164
-0.138460
-0.086905
-0.045886
-0.013901
0.010427
0.028341
0.040952
0.049238
0.054055
0.056140
0.056125
0.054542
0.051837
0.048378
0.044464
0.040338
0.036193
0.032180
0.028415
0.024987
0.021960
0.019383
0.017290
0.015703
0.014637
0.014102
0.014102
0.014637
0.015703
0.017290
0.019383
0.021960
0.024987
0.028415
0.032180
0.036193
0.040338
0.044464
0.048377
0.051837
0.054542
0.056125
0.056140
0.054055
0.049238
0.040952
0.028341
0.010427
-0.013901
-0.045886
-0.086905
-0.138460
-0.202163
-0.279722
-0.372898
-0.483468
-0.613158
-0.763565
-0.976910
-0.807318
-0.657870
-0.527661
-0.415478
-0.319913
-0.239450
-0.172537
-0.117633
-0.073251
-0.037985
-0.010530
0.010311
0.025618
0.036353
0.043368
0.047403
0.049099
0.049002
0.047574
0.045201
0.042204
0.038843
0.035330
0.031834
0.028486
0.025389
0.022623
0.020246
0.018301
0.016819
0.015820
0.015318
0.015318
0.015820
0.016819
0.018301
0.020246
0.022623
0.025389
0.028486
0.031834
0.035330
0.038843
0.042204
0.045201
0.047574
0.049002
0.049099
0.047403
0.043368
0.036353
0.025618
0.010311
-0.010530
-0.037985
-0.073251
-0.117632
-0.172537
-0.239450
-0.319913
-0.415478
-0.527661
-0.657870
-0.807318
-1.008357
-0.843296
-0.696247
-0.566772
-0.454056
-0.357022
-0.274431
-0.204953
-0.147227
-0.099909
-0.061704
-0.031386
-0.007819
0.010037
0.023119
0.032264
0.038210
0.041600
0.042989
0.042852
0.041590
0.039538
0.036975
0.034127
0.031180
0.028281
0.025547
0.023068
0.020914
0.019136
0.017773
0.016851
0.016386
0.016386
0.016851
0.017773
0.019136
0.020914
0.023068
0.025547
0.028281
0.031180
0.034127
0.036975
0.039538
0.041590
0.042852
0.042989
0.041600
0.038210
0.032264
0.023119
0.010037
-0.007819
-0.031386
-0.061704
-0.099909
-0.147227
-0.204952
-0.274431
-0.357022
-0.454056
-0.566772
-0.696247
-0.843295
-1.030093
-0.871152
-0.727918
-0.600425
-0.488261
-0.390694
-0.306769
-0.235394
-0.175403
-0.125606
-0.084828
-0.051939
-0.025873
-0.005641
0.009662
0.020849
0.028649
0.033700
0.036563
0.037718
0.037578
0.036491
0.034750
0.032595
0.030227
0.027805
0.025459
0.023291
0.021380
0.019787
0.018557
0.017720
0.017297
0.017297
0.017720
0.018557
0.019787
0.021380
0.023291
0.025459
0.027805
0.030227
0.032595
0.034750
0.036491
0.037578
0.037718
0.036563
0.033700
0.028649
0.020849
0.009662
-0.005641
-0.025873
-0.051939
-0.084828
-0.125606
-0.175403
-0.235394
-0.306769
-0.390694
-0.488261
-0.600425
-0.727918
-0.871152
-1.041908
-0.890618
-0.752579
-0.628296
-0.517764
-0.420602
-0.336152
-0.263569
-0.201891
-0.150093
-0.107136
-0.071993
-0.043679
-0.021264
-0.003889
0.009234
0.018811
0.025476
0.029784
0.032221
0.033204
0.033093
0.032190
0.030750
0.028982
0.027061
0.025126
0.023289
0.021641
0.020247
0.019161
0.018418
0.018040
0.018040
0.018418
0.019161
0.020247
0.021641
0.023289
0.025126
0.027061
0.028982
0.030750
0.032190
0.033093
0.033204
0.032221
0.029784
0.025476
0.018811
0.009234
-0.003889
-0.021264
-0.043679
-0.071993
-0.107136
-0.150093
-0.201890
-0.263569
-0.336152
-0.420602
-0.517764
-0.628295
-0.752579
-0.890618
-1.043689
-0.901508
-0.769993
-0.650115
-0.542281
-0.446461
-0.362299
-0.289206
-0.226433
-0.173135
-0.128411
-0.091353
-0.061063
-0.036683
-0.017402
-0.002471
0.008793
0.017007
0.022719
0.026413
0.028511
0.029376
0.029321
0.028608
0.027458
0.026056
0.024550
0.023063
0.021692
0.020513
0.019581
0.018938
0.018611
0.018611
0.018938
0.019581
0.020513
0.021692
0.023063
0.024550
0.026056
0.027458
0.028608
0.029321
0.029376
0.028511
0.026413
0.022719
0.017007
0.008793
-0.002471
-0.017401
-0.036682
-0.061063
-0.091353
-0.128411
-0.173135
-0.226433
-0.289206
-0.362298
-0.446460
-0.542281
-0.650115
-0.769993
-0.901508
-1.035419
-0.903715
-0.779991
-0.665674
-0.561575
-0.468019
-0.384956
-0.312057
-0.248796
-0.194509
-0.148450
-0.109833
-0.077860
-0.051748
-0.030747
-0.014152
-0.001310
0.008373
0.015435
0.020351
0.023543
0.025376
0.026169
0.026190
0.025670
0.024800
0.023738
0.022616
0.021536
0.020580
0.019813
0.019277
0.019001
0.019001
0.019277
0.019813
0.020580
0.021536
0.022616
0.023738
0.024800
0.025670
0.026190
0.026169
0.025376
0.023543
0.020351
0.015435
0.008373
-0.001310
-0.014152
-0.030747
-0.051748
-0.077860
-0.109833
-0.148450
-0.194509
-0.248796
-0.312057
-0.384955
-0.468019
-0.561575
-0.665674
-0.779990
-0.903715
-1.017178
-0.897220
-0.782477
-0.674822
-0.575461
-0.485070
-0.403905
-0.331903
-0.268762
-0.214010
-0.167060
-0.127256
-0.093907
-0.066314
-0.043796
-0.025696
-0.011400
-0.000341
0.008002
0.014093
0.018348
0.021132
0.022765
0.023521
0.023635
0.023305
0.022698
0.021950
0.021171
0.020450
0.019853
0.019429
0.019209
0.019209
0.019429
0.019853
0.020450
0.021171
0.021950
0.022698
0.023305
0.023635
0.023521
0.022765
0.021132
0.018348
0.014093
0.008002
-0.000341
-0.011400
-0.025696
-0.043796
-0.066314
-0.093906
-0.127256
-0.167060
-0.214010
-0.268762
-0.331903
-0.403905
-0.485070
-0.575461
-0.674822
-0.782477
-0.897220
-0.989140
-0.882083
-0.777427
-0.677471
-0.583805
-0.497450
-0.418965
-0.348553
-0.286140
-0.231450
-0.184060
-0.143453
-0.109049
-0.080243
-0.056423
-0.036993
-0.021381
-0.009051
0.000492
0.007699
0.012976
0.016685
0.019142
0.020625
0.021372
0.021586
0.021439
0.021073
0.020603
0.020123
0.019703
0.019395
0.019232
0.019232
0.019395
0.019703
0.020123
0.020603
0.021073
0.021439
0.021586
0.021372
0.020625
0.019142
0.016685
0.012976
0.007699
0.000492
-0.009051
-0.021381
-0.036993
-0.056423
-0.080243
-0.109049
-0.143453
-0.184060
-0.231449
-0.286140
-0.348553
-0.418965
-0.497450
-0.583805
-0.677471
-0.777427
-0.882083
-0.951576
-0.858452
-0.764891
-0.673595
-0.586527
-0.505039
-0.429990
-0.361846
-0.300762
-0.246660
-0.199288
-0.158268
-0.123141
-0.093398
-0.068507
-0.047934
-0.031156
-0.017675
-0.007023
0.001231
0.007480
0.012076
0.015334
0.017530
0.018903
0.019659
0.019974
0.019993
0.019836
0.019601
0.019362
0.019173
0.019070
0.019070
0.019173
0.019362
0.019601
0.019836
0.019993
0.019974
0.019659
0.018903
0.017530
0.015334
0.012076
0.007480
0.001231
-0.007023
-0.017675
-0.031156
-0.047934
-0.068507
-0.093398
-0.123141
-0.158268
-0.199288
-0.246660
-0.300762
-0.361845
-0.429990
-0.505039
-0.586527
-0.673595
-0.764891
-0.858452
-0.904849
-0.826553
-0.744988
-0.663233
-0.583600
-0.507764
-0.436874
-0.371654
-0.312487
-0.259496
-0.212597
-0.171559
-0.136047
-0.105654
-0.079931
-0.058413
-0.040631
-0.026128
-0.014470
-0.005249
0.001911
0.007351
0.011379
0.014266
0.016252
0.017543
0.018316
0.018720
0.018879
0.018891
0.018835
0.018767
0.018724
0.018724
0.018767
0.018835
0.018891
0.018879
0.018720
0.018316
0.017543
0.016252
0.014266
0.011379
0.007351
0.001911
-0.005249
-0.014470
-0.026128
-0.040631
-0.058413
-0.079931
-0.105654
-0.136047
-0.171559
-0.212597
-0.259496
-0.312487
-0.371654
-0.436874
-0.507764
-0.583600
-0.663232
-0.744988
-0.826553
-0.849406
-0.786694
-0.717910
-0.646483
-0.575053
-0.505599
-0.439551
-0.377882
-0.321204
-0.269832
-0.223858
-0.183199
-0.147643
-0.116892
-0.090586
-0.068329
-0.049714
-0.034330
-0.021778
-0.011678
-0.003676
0.002556
0.007314
0.010865
0.013445
0.015257
0.016482
0.017267
0.017739
0.018000
0.018127
0.018180
0.018198
0.018198
0.018180
0.018127
0.018000
0.017739
0.017267
0.016482
0.015257
0.013445
0.010865
0.007314
0.002556
-0.003676
-0.011678
-0.021778
-0.034330
-0.049714
-0.068329
-0.090586
-0.116892
-0.147643
-0.183198
-0.223858
-0.269832
-0.321204
-0.377882
-0.439551
-0.505599
-0.575053
-0.646483
-0.717910
-0.786694
-0.785784
-0.739259
-0.683919
-0.623507
-0.560967
-0.498565
-0.437994
-0.380472
-0.326827
-0.277570
-0.232963
-0.193073
-0.157818
-0.127005
-0.100368
-0.077588
-0.058319
-0.042201
-0.028876
-0.017995
-0.009228
-0.002264
0.003179
0.007360
0.010508
0.012825
0.014489
0.015648
0.016429
0.016934
0.017244
0.017419
0.017496
0.017496
0.017419
0.017244
0.016934
0.016429
0.015648
0.014489
0.012825
0.010508
0.007360
0.003179
-0.002264
-0.009228
-0.017995
-0.028876
-0.042201
-0.058319
-0.077588
-0.100368
-0.127005
-0.157817
-0.193073
-0.232963
-0.277570
-0.326827
-0.380472
-0.437994
-0.498565
-0.560967
-0.623507
-0.683919
-0.739259
-0.714594
-0.684704
-0.643341
-0.594526
-0.541479
-0.486730
-0.432220
-0.379398
-0.329302
-0.282634
-0.239825
-0.201089
-0.166472
-0.135894
-0.109183
-0.086099
-0.066362
-0.049665
-0.035696
-0.024138
-0.014690
-0.007062
-0.000987
0.003783
0.007470
0.010270
0.012356
0.013878
0.014960
0.015706
0.016196
0.016489
0.016626
0.016626
0.016489
0.016196
0.015706
0.014960
0.013878
0.012356
0.010270
0.007470
0.003783
-0.000987
-0.007062
-0.014690
-0.024138
-0.035696
-0.049665
-0.066362
-0.086099
-0.109183
-0.135894
-0.166472
-0.201089
-0.239825
-0.282634
-0.329302
-0.379398
-0.432220
-0.486730
-0.541479
-0.594526
-0.643341
-0.684704
-0.636523
-0.623555
-0.596567
-0.559820
-0.516777
-0.470207
-0.422283
-0.374669
-0.328606
-0.284977
-0.244377
-0.207167
-0.173523
-0.143475
-0.116947
-0.093781
-0.073766
-0.056652
-0.042172
-0.030050
-0.020011
-0.011793
-0.005143
0.000170
0.004360
0.007615
0.010105
0.011974
0.013348
0.014326
0.014991
0.015401
0.015596
0.015596
0.015401
0.014991
0.014326
0.013348
0.011974
0.010105
0.007615
0.004360
0.000170
-0.005143
-0.011793
-0.020011
-0.030050
-0.042172
-0.056652
-0.073765
-0.093781
-0.116947
-0.143475
-0.173523
-0.207167
-0.244377
-0.284977
-0.328606
-0.374669
-0.422282
-0.470207
-0.516777
-0.559820
-0.596567
-0.623555
-0.552321
-0.556401
-0.544049
-0.519723
-0.487097
-0.449155
-0.408279
-0.366333
-0.324745
-0.284575
-0.246576
-0.211251
-0.178903
-0.149674
-0.123585
-0.100560
-0.080459
-0.063092
-0.048242
-0.035671
-0.025140
-0.016409
-0.009250
-0.003444
0.001208
0.004887
0.007756
0.009956
0.011607
0.012809
0.013642
0.014164
0.014415
0.014415
0.014164
0.013642
0.012809
0.011607
0.009956
0.007756
0.004887
0.001208
-0.003444
-0.009250
-0.016409
-0.025140
-0.035671
-0.048242
-0.063092
-0.080459
-0.100560
-0.123585
-0.149674
-0.178903
-0.211251
-0.246576
-0.284575
-0.324745
-0.366333
-0.408278
-0.449155
-0.487097
-0.519723
-0.544048
-0.556401
-0.462800
-0.483889
-0.486290
-0.474620
-0.452727
-0.423778
-0.390343
-0.354468
-0.317757
-0.281433
-0.246400
-0.213300
-0.182560
-0.154432
-0.129032
-0.106371
-0.086378
-0.068926
-0.053847
-0.040949
-0.030026
-0.020868
-0.013267
-0.007026
-0.001956
0.002112
0.005332
0.007841
0.009754
0.011168
0.012161
0.012791
0.013096
0.013096
0.012791
0.012161
0.011168
0.009754
0.007841
0.005332
0.002112
-0.001956
-0.007026
-0.013267
-0.020868
-0.030026
-0.040949
-0.053847
-0.068926
-0.086378
-0.106371
-0.129032
-0.154432
-0.182560
-0.213300
-0.246400
-0.281433
-0.317757
-0.354468
-0.390343
-0.423778
-0.452727
-0.474620
-0.486290
-0.483889
-0.368822
-0.406716
-0.423849
-0.424946
-0.413997
-0.394320
-0.368648
-0.339190
-0.307709
-0.275580
-0.243851
-0.213295
-0.184459
-0.157702
-0.133237
-0.111157
-0.091464
-0.074095
-0.058934
-0.045833
-0.034624
-0.025126
-0.017157
-0.010539
-0.005101
-0.000683
0.002858
0.005651
0.007807
0.009419
0.010563
0.011295
0.011651
0.011651
0.011295
0.010563
0.009419
0.007807
0.005651
0.002858
-0.000683
-0.005101
-0.010539
-0.017157
-0.025126
-0.034624
-0.045833
-0.058934
-0.074095
-0.091464
-0.111157
-0.133237
-0.157702
-0.184459
-0.213295
-0.243851
-0.275580
-0.307709
-0.339190
-0.368648
-0.394320
-0.413997
-0.424946
-0.423849
-0.406716
-0.271292
-0.325627
-0.357325
-0.371180
-0.371279
-0.361065
-0.343402
-0.320645
-0.294697
-0.267073
-0.238953
-0.211236
-0.184581
-0.159454
-0.136159
-0.114872
-0.095670
-0.078551
-0.063453
-0.050275
-0.038887
-0.029142
-0.020882
-0.013951
-0.008197
-0.003472
0.000355
0.003406
0.005785
0.007580
0.008864
0.009690
0.010093
0.010093
0.009690
0.008864
0.007580
0.005785
0.003406
0.000355
-0.003472
-0.008197
-0.013951
-0.020882
-0.029142
-0.038887
-0.050275
-0.063453
-0.078551
-0.095670
-0.114872
-0.136159
-0.159454
-0.184581
-0.211236
-0.238953
-0.267073
-0.294697
-0.320645
-0.343402
-0.361065
-0.371279
-0.371180
-0.357325
-0.325627
-0.171149
-0.241401
-0.287360
-0.313840
-0.324986
-0.324332
-0.314850
-0.299012
-0.278847
-0.255994
-0.231755
-0.207142
-0.182926
-0.159670
-0.137769
-0.117482
-0.098955
-0.082250
-0.067361
-0.054234
-0.042777
-0.032877
-0.024406
-0.017229
-0.011213
-0.006228
-0.002151
0.001128
0.003707
0.005668
0.007079
0.007991
0.008439
0.008439
0.007991
0.007079
0.005668
0.003707
0.001128
-0.002151
-0.006228
-0.011213
-0.017229
-0.024406
-0.032877
-0.042777
-0.054234
-0.067361
-0.082250
-0.098955
-0.117482
-0.137769
-0.159670
-0.182926
-0.207142
-0.231755
-0.255994
-0.278847
-0.299012
-0.314850
-0.324332
-0.324986
-0.313840
-0.287360
-0.241401
-0.069358
-0.154851
-0.214628
-0.253476
-0.275563
-0.284475
-0.283265
-0.274500
-0.260312
-0.242450
-0.222324
-0.201054
-0.179509
-0.158348
-0.138053
-0.118959
-0.101287
-0.085157
-0.070621
-0.057669
-0.046254
-0.036295
-0.027694
-0.020341
-0.014122
-0.008923
-0.004636
-0.001160
0.001594
0.003701
0.005226
0.006216
0.006703
0.006703
0.006216
0.005226
0.003701
0.001594
-0.001160
-0.004636
-0.008923
-0.014122
-0.020341
-0.027694
-0.036295
-0.046254
-0.057669
-0.070621
-0.085157
-0.101286
-0.118959
-0.138053
-0.158348
-0.179509
-0.201054
-0.222324
-0.242450
-0.260312
-0.274500
-0.283265
-0.284475
-0.275563
-0.253476
-0.214628
-0.154851
0.033101
-0.066810
-0.139829
-0.190672
-0.223487
-0.241879
-0.248952
-0.247344
-0.239270
-0.226571
-0.210753
-0.193029
-0.174363
-0.155501
-0.137007
-0.119292
-0.102643
-0.087244
-0.073200
-0.060550
-0.049286
-0.039364
-0.030716
-0.023257
-0.016895
-0.011532
-0.007076
-0.003437
-0.000535
0.001699
0.003323
0.004381
0.004902
0.004902
0.004381
0.003323
0.001699
-0.000535
-0.003437
-0.007076
-0.011532
-0.016895
-0.023257
-0.030716
-0.039364
-0.049286
-0.060550
-0.073200
-0.087244
-0.102643
-0.119292
-0.137007
-0.155501
-0.174363
-0.193029
-0.210752
-0.226571
-0.239270
-0.247344
-0.248952
-0.241879
-0.223487
-0.190672
-0.139829
-0.066810
0.135241
0.021875
-0.063683
-0.126032
-0.169258
-0.196954
-0.212242
-0.217806
-0.215923
-0.208510
-0.197151
-0.183146
-0.167539
-0.151157
-0.134641
-0.118475
-0.103010
-0.088491
-0.075074
-0.062847
-0.051843
-0.042054
-0.033442
-0.025949
-0.019505
-0.014031
-0.009448
-0.005681
-0.002659
-0.000320
0.001388
0.002503
0.003054
0.003054
0.002503
0.001388
-0.000320
-0.002659
-0.005681
-0.009448
-0.014031
-0.019505
-0.025949
-0.033442
-0.042054
-0.051843
-0.062847
-0.075074
-0.088491
-0.103010
-0.118475
-0.134641
-0.151157
-0.167539
-0.183146
-0.197151
-0.208510
-0.215923
-0.217806
-0.212242
-0.196954
-0.169258
-0.126032
-0.063683
0.021875
0.236078
0.110350
0.013076
-0.060177
-0.113398
-0.150131
-0.173488
-0.186170
-0.190497
-0.188440
-0.181651
-0.171498
-0.159100
-0.145357
-0.130979
-0.116517
-0.102386
-0.088886
-0.076226
-0.064539
-0.053901
-0.044339
-0.035846
-0.028392
-0.021927
-0.016394
-0.011730
-0.007870
-0.004757
-0.002336
-0.000561
0.000602
0.001177
0.001177
0.000602
-0.000561
-0.002336
-0.004757
-0.007870
-0.011730
-0.016394
-0.021927
-0.028392
-0.035846
-0.044339
-0.053901
-0.064539
-0.076226
-0.088886
-0.102386
-0.116517
-0.130979
-0.145357
-0.159100
-0.171498
-0.181651
-0.188440
-0.190497
-0.186170
-0.173488
-0.150131
-0.113399
-0.060177
0.013076
0.110349
0.334642
0.197761
0.089709
0.006257
-0.056447
-0.101863
-0.133063
-0.152741
-0.163237
-0.166556
-0.164402
-0.158199
-0.149130
-0.138157
-0.126056
-0.113438
-0.100775
-0.088424
-0.076643
-0.065610
-0.055440
-0.046197
-0.037905
-0.030560
-0.024138
-0.018599
-0.013898
-0.009984
-0.006809
-0.004329
-0.002504
-0.001305
-0.000711
-0.000711
-0.001305
-0.002504
-0.004329
-0.006809
-0.009984
-0.013898
-0.018599
-0.024138
-0.030560
-0.037905
-0.046197
-0.055440
-0.065610
-0.076643
-0.088424
-0.100775
-0.113438
-0.126056
-0.138157
-0.149130
-0.158199
-0.164402
-0.166556
-0.163237
-0.152741
-0.133063
-0.101863
-0.056447
0.006257
0.089709
0.197761
0.429984
0.283268
0.165478
0.072630
0.001047
-0.052614
-0.091356
-0.117842
-0.134404
-0.143068
-0.145569
-0.143377
-0.137723
-0.129627
-0.119918
-0.109266
-0.098194
-0.087111
-0.076322
-0.066049
-0.056445
-0.047610
-0.039599
-0.032435
-0.026117
-0.020626
-0.015932
-0.012001
-0.008796
-0.006280
-0.004423
-0.003200
-0.002593
-0.002593
-0.003200
-0.004423
-0.006280
-0.008796
-0.012001
-0.015932
-0.020626
-0.026117
-0.032435
-0.039599
-0.047610
-0.056445
-0.066049
-0.076322
-0.087111
-0.098194
-0.109266
-0.119918
-0.129627
-0.137723
-0.143377
-0.145569
-0.143068
-0.134404
-0.117842
-0.091356
-0.052614
0.001047
0.072630
0.165478
0.283268
0.521184
0.366047
0.239654
0.138305
0.058532
-0.002858
-0.048770
-0.081807
-0.104277
-0.118203
-0.125334
-0.127173
-0.124990
-0.119848
-0.112626
-0.104041
-0.094668
-0.084959
-0.075266
-0.065851
-0.056906
-0.048564
-0.040911
-0.033997
-0.027844
-0.022453
-0.017813
-0.013903
-0.010698
-0.008171
-0.006300
-0.005064
-0.004450
-0.004450
-0.005064
-0.006300
-0.008171
-0.010698
-0.013903
-0.017813
-0.022453
-0.027844
-0.033997
-0.040911
-0.048564
-0.056906
-0.065851
-0.075266
-0.084959
-0.094668
-0.104041
-0.112626
-0.119848
-0.124990
-0.127173
-0.125334
-0.118203
-0.104277
-0.081807
-0.048770
-0.002858
0.058532
0.138304
0.239654
0.366047
0.607365
0.445301
0.311522
0.202647
0.115453
0.046925
-0.005714
-0.044985
-0.073146
-0.092198
-0.103893
-0.109745
-0.111053
-0.108915
-0.104249
-0.097815
-0.090229
-0.081989
-0.073485
-0.065020
-0.056819
-0.049051
-0.041829
-0.035231
-0.029303
-0.024065
-0.019523
-0.015671
-0.012497
-0.009984
-0.008116
-0.006879
-0.006263
-0.006263
-0.006879
-0.008116
-0.009984
-0.012497
-0.015671
-0.019523
-0.024065
-0.029303
-0.035231
-0.041829
-0.049051
-0.056819
-0.065020
-0.073485
-0.081989
-0.090229
-0.097815
-0.104249
-0.108915
-0.111053
-0.109745
-0.103893
-0.092198
-0.073146
-0.044985
-0.005714
0.046925
0.115453
0.202647
0.311521
0.445301
0.687697
0.520266
0.380389
0.265037
0.171262
0.096256
0.037397
-0.007729
-0.041310
-0.065306
-0.081451
-0.091260
-0.096047
-0.096933
-0.094868
-0.090646
-0.084922
-0.078230
-0.070997
-0.063562
-0.056186
-0.049065
-0.042345
-0.036127
-0.030479
-0.025444
-0.021044
-0.017288
-0.014175
-0.011700
-0.009854
-0.008628
-0.008017
-0.008017
-0.008628
-0.009853
-0.011700
-0.014175
-0.017288
-0.021044
-0.025444
-0.030479
-0.036127
-0.042345
-0.049065
-0.056186
-0.063562
-0.070997
-0.078230
-0.084922
-0.090646
-0.094868
-0.096933
-0.096047
-0.091260
-0.081451
-0.065306
-0.041310
-0.007729
0.037397
0.096256
0.171262
0.265037
0.380389
0.520266
0.761406
0.590221
0.445593
0.324875
0.225422
0.144661
0.080148
0.029601
-0.009077
-0.037785
-0.058224
-0.071896
-0.080115
-0.084017
-0.084574
-0.082605
-0.078797
-0.073717
-0.067825
-0.061492
-0.055011
-0.048607
-0.042452
-0.036674
-0.031362
-0.026579
-0.022363
-0.018739
-0.015717
-0.013303
-0.011496
-0.010294
-0.009693
-0.009693
-0.010294
-0.011496
-0.013303
-0.015717
-0.018739
-0.022363
-0.026579
-0.031362
-0.036674
-0.042452
-0.048607
-0.055011
-0.061492
-0.067825
-0.073717
-0.078797
-0.082605
-0.084574
-0.084017
-0.080115
-0.071896
-0.058224
-0.037785
-0.009077
0.029601
0.080148
0.144661
0.225422
0.324875
0.445593
0.590221
0.827782
0.654492
0.506506
0.381585
0.277411
0.191672
0.122127
0.066646
0.023244
-0.009900
-0.034437
-0.051840
-0.063412
-0.070293
-0.073465
-0.073768
-0.071913
-0.068494
-0.064000
-0.058830
-0.053306
-0.047681
-0.042151
-0.036868
-0.031944
-0.027457
-0.023467
-0.020009
-0.017108
-0.014779
-0.013028
-0.011860
-0.011276
-0.011276
-0.011860
-0.013028
-0.014779
-0.017108
-0.020009
-0.023466
-0.027457
-0.031944
-0.036868
-0.042151
-0.047681
-0.053306
-0.058830
-0.064000
-0.068494
-0.071913
-0.073768
-0.073465
-0.070293
-0.063412
-0.051840
-0.034437
-0.009900
0.023244
0.066646
0.122127
0.191672
0.277411
0.381585
0.506506
0.654491
0.886186
0.712459
0.562541
0.434619
0.326728
0.236838
0.162930
0.103049
0.055341
0.018080
-0.010318
-0.031284
-0.046099
-0.055891
-0.061648
-0.064220
-0.064336
-0.062611
-0.059558
-0.055601
-0.051088
-0.046295
-0.041444
-0.036708
-0.032217
-0.028072
-0.024344
-0.021086
-0.018334
-0.016112
-0.014435
-0.013313
-0.012751
-0.012751
-0.013313
-0.014435
-0.016112
-0.018334
-0.021086
-0.024344
-0.028072
-0.032217
-0.036708
-0.041444
-0.046295
-0.051088
-0.055601
-0.059558
-0.062611
-0.064336
-0.064220
-0.061648
-0.055891
-0.046099
-0.031284
-0.010318
0.018080
0.055341
0.103049
0.162930
0.236837
0.326728
0.434619
0.562541
0.712459
0.936056
0.763565
0.613158
0.483468
0.372898
0.279722
0.202164
0.138460
0.086905
0.045886
0.013901
-0.010427
-0.028341
-0.040952
-0.049238
-0.054055
-0.056140
-0.056125
-0.054542
-0.051837
-0.048377
-0.044464
-0.040338
-0.036193
-0.032180
-0.028415
-0.024987
-0.021960
-0.019383
-0.017290
-0.015703
-0.014637
-0.014102
-0.014102
-0.014637
-0.015703
-0.017290
-0.019383
-0.021960
-0.024987
-0.028415
-0.032180
-0.036193
-0.040338
-0.044464
-0.048377
-0.051837
-0.054542
-0.056125
-0.056140
-0.054055
-0.049238
-0.040952
-0.028341
-0.010427
0.013901
0.045886
0.086905
0.138460
0.202163
0.279722
0.372898
0.483468
0.613158
0.763565
0.976911
0.807318
0.657870
0.527661
0.415478
0.319913
0.239450
0.172537
0.117633
0.073251
0.037985
0.010530
-0.010311
-0.025617
-0.036353
-0.043368
-0.047403
-0.049099
-0.049002
-0.047574
-0.045201
-0.042204
-0.038843
-0.035330
-0.031834
-0.028486
-0.025389
-0.022623
-0.020246
-0.018301
-0.016819
-0.015820
-0.015318
-0.015318
-0.015820
-0.016819
-0.018301
-0.020246
-0.022623
-0.025389
-0.028486
-0.031834
-0.035330
-0.038843
-0.042204
-0.045201
-0.047574
-0.049002
-0.049099
-0.047403
-0.043368
-0.036353
-0.025618
-0.010311
0.010530
0.037985
0.073251
0.117633
0.172537
0.239450
0.319913
0.415478
0.527661
0.657870
0.807318
1.008357
0.843296
0.696247
0.566772
0.454056
0.357022
0.274431
0.204953
0.147227
0.099909
0.061704
0.031386
0.007819
-0.010037
-0.023119
-0.032264
-0.038210
-0.041600
-0.042989
-0.042852
-0.041590
-0.039538
-0.036975
-0.034127
-0.031180
-0.028281
-0.025547
-0.023068
-0.020914
-0.019136
-0.017773
-0.016851
-0.016386
-0.016386
-0.016851
-0.017773
-0.019136
-0.020914
-0.023068
-0.025547
-0.028281
-0.031180
-0.034127
-0.036975
-0.039538
-0.041590
-0.042852
-0.042989
-0.041600
-0.038210
-0.032264
-0.023119
-0.010037
0.007819
0.031386
0.061704
0.099909
0.147227
0.204952
0.274431
0.357022
0.454056
0.566772
0.696247
0.843295
1.030093
0.871152
0.727918
0.600425
0.488261
0.390694
0.306769
0.235394
0.175403
0.125606
0.084828
0.051939
0.025873
0.005641
-0.009662
-0.020849
-0.028649
-0.033700
-0.036563
-0.037718
-0.037578
-0.036491
-0.034750
-0.032595
-0.030227
-0.027805
-0.025459
-0.023291
-0.021380
-0.019787
-0.018557
-0.017720
-0.017297
-0.017297
-0.017720
-0.018557
-0.019787
-0.021380
-0.023291
-0.025459
-0.027805
-0.030227
-0.032595
-0.034750
-0.036491
-0.037578
-0.037718
-0.036563
-0.033700
-0.028649
-0.020849
-0.009662
0.005641
0.025873
0.051939
0.084828
0.125606
0.175403
0.235394
0.306769
0.390694
0.488261
0.600425
0.727918
0.871152
1.041908
0.890618
0.752579
0.628296
0.517764
0.420602
0.336152
0.263569
0.201891
0.150093
0.107136
0.071993
0.043679
0.021264
0.003889
-0.009234
-0.018811
-0.025476
-0.029784
-0.032221
-0.033204
-0.033093
-0.032190
-0.030750
-0.028982
-0.027061
-0.025126
-0.023289
-0.021641
-0.020247
-0.019161
-0.018418
-0.018040
-0.018040
-0.018418
-0.019161
-0.020247
-0.021641
-0.023289
-0.025126
-0.027061
-0.028982
-0.030750
-0.032190
-0.033093
-0.033204
-0.032221
-0.029784
-0.025476
-0.018811
-0.009234
0.003889
0.021264
0.043679
0.071993
0.107136
0.150093
0.201890
0.263569
0.336152
0.420602
0.517764
0.628295
0.752579
0.890618
1.043689
0.901508
0.769993
0.650115
0.542281
0.446461
0.362299
0.289206
0.226433
0.173135
0.128411
0.091353
0.061063
0.036683
0.017402
0.002471
-0.008793
-0.017007
-0.022719
-0.026413
-0.028511
-0.029376
-0.029321
-0.028608
-0.027458
-0.026056
-0.024550
-0.023063
-0.021692
-0.020513
-0.019581
-0.018938
-0.018611
-0.018611
-0.018938
-0.019581
-0.020513
-0.021692
-0.023063
-0.024550
-0.026056
-0.027458
-0.028608
-0.029321
-0.029376
-0.028511
-0.026413
-0.022719
-0.017007
-0.008793
0.002471
0.017402
0.036682
0.061063
0.091353
0.128411
0.173135
0.226433
0.289206
0.362298
0.446460
0.542281
0.650115
0.769993
0.901508
